
  Ek 2.3. Besin Gruplarına Göre Besinlerin Standart Porsiyon Miktarlarının
Enerji ve Besin Ögesi İçerikleri
                                Ek 2.3.1. Besinlerin standart porsiyonlarının enerji ve besin ögesi içerikleri


                                                                                     Standart Porsiyon
                                                                                                                                                                                                                                                                                                                                                                                        Toplam Folik Asit

                                                                                                                                       Karbonhidrat (g)                       Kolesterol (mg)   Kalsiyum (mg)                             Potasyum (mg)   A vitamini (mcg)   C Vitamini (mg)   B1 Vitamini (mg)   B2 Vitamini (mg)   Niasin eşd. (mg)
                                                                  Besinler                               Enerji (kkal)   Protein (g)
                                                                                                                                                          Lif (g)   Yağ (g)
                                                                                                                                                                                                                Demir (mg)   Çinko (mg)                                                                                                                 Vit. B6 (mg)   Vit. B12 (mcg)
                                                                                        Miktarı (g)                                                                                                                                                                                                                                                                                          (mcg)

                                                          İnek sütü, tam yağlı       240                 154 7.9 11                                         0        8 31 288 0.1 0.9 360                                                                  79                    4             0.1                0.4                1.9                0.1            1.9                  12
                                                          Yoğurt, tam yağlı          240                 158 7.9 10                                         0        9 34 312 0.1 1.1 384                                                                  79                    2             0.1                0.4                2.1                0.1            0.5                  24



            Süt -Yoğurt-Peynir
                                                          İnek sütü, yarım yağlı     240                 116 8.2 12                                         0        4 14 288 0.1 1.0 360                                                                  34                    2             0.1                0.4                2.0                0.1            1.9                  12
                                                          Yoğurt, yarım yağlı        240                 111 8.2 10                                         0        4 12 312 0.1 1.0 384                                                                  52                    2             0.1                0.4                2.2                0.1            0.5                  24
                                                          Kefir, tam yağlı           240                 159 7.9 10                                         0        8 31 288 0.2 0.9 360                                                                 127                    2             0.1                0.4                1.9                0.1            2.4                  12
                                                          Ayran                      350                 125 6.3 8                                          0        7 25 256 0.1 1.0 298                                                                  63                    3             0.1                0.3                1.6                0.1            1.1                  14
                                                          Beyaz peynir, tam yağlı    60                  165 12.1 0                                         0       13 32 240 0.2 1.8 90                                                                  178                    0             0.0                0.3                3.3                0.1            1.2                  30
                                                          Kaşar peyniri, tam yağlı   40                  170 7.6 0                                          0       16 36 240 0.2 1.2 40                                                                  187                    0             0.0                0.2                1.9                0.0            0.8                  18
                                                          Yumurta                    100                 154 12.9 1                                         0       11 396 56 2.1 1.4 147                                                                 278                    0             0.1                0.3                3.1                0.1            2.0                  65




Et-Tavuk-Balık-Yumurta-Kuru baklagiller Yağlı Tohumlar-
                                                          Kırmızı et, yağlı pişmiş    80                 187 19.9 0                                         0       12 62 14 1.9 3.9 150                                                                    2                    0             0.0                0.2                7.0                0.1            1.8                   9
                                                          Kırmızı et yarım yağlı
                                                                                       80                161 20.8 0                                         0         9 61                       14 2.0 4.2 158                                               2                  0             0.0                0.2                7.2                0.1 2.2                               9
                                                          pişmiş
                                                          Kırmızı et, az yağlı
                                                                                       80                125 22.3 0                                         0         4 62                       14 2.0 4.2 180                                               6                  0             0.1                0.2                8.0                0.1 2.2                             10
                                                          pişmiş
                                                          Tavuk göğüs eti, pişmiş     80                  88 20.4                          0                0 1 57 12 0.4 0.6 286                                                                          14                    0             0.0                0.1 9.6 0.3 0.0                                                            6
                                                          Tavuk but, pişmiş           80                 172 22.5                          0                0 9 68 14 1.6 1.4 218                                                                          27                    0             0.1                0.2 9.7 0.3 0.0                                                           12
                                                          Somon, pişmiş              150                 228 32.0                          0                0 11 62 23 1.5 1.4 494                                                                         51                    0             0.2                0.2 14.6 1.0 4.5                                                          35
                                                          Hamsi, pişmiş              150                 178 34.9                          0                0 4 23 147 4.9 3.1 513                                                                         26                    1             0.1                0.3 30.8 0.2 1.5                                                          6




                  Kabuklu Yemişler
                                                          Alabalık, pişmiş           150                 184 35.8                          0                0 4 104 23 1.0 2.0 536                                                                         23                    4             0.1                0.1 10.4 9.0 0.3                                                          8
                                                          Ton balığı konservesi,
                                                                                     100 174 17.3 0                                                         0 12 55                              29 0.8 0.7 319 247                                                              1             0.1                0.1                7.6                0.3 2.0                               9
                                                          az yağlı
                                                          Kuru fasulye. pişmiş       130 156 12.6 24 10 1                                                                         0              66 3.6 1.6 789                                            34                    1             0.2                0.1                2.8                0.2 0.0                             87
                                                          Kuru nohut, pişmiş         130 148 11.0 21 12 2                                                                         0              69 3.7 1.7 373                                            16                    1             0.2                0.1                2.4                0.2 0.0                            104
                                                          Kırmızı/yeşil mercimek,
                                                                                     130 150 11.4 24                                                        5         1           0              35 3.4 1.8 339                                               8                  0             0.2                0.1                2.6                0.2 0.0                             62
                                                          pişmiş
                                                          Fındık                      30                 191             3.6 3 3 19 0                                                            68             1.1 0.6 191                                 2  1                               0.1                0.1                1.2                0.1            0.0                  21
                                                          Ceviz                       30                 196             4.3 3 2 19 0                                                            26             0.8 0.8 163                                 2  1                               0.1                0.0                1.0                0.3            0.0                  23
                                                          Tatlı badem                 30                 171             5.6 1 5 16 0                                                            75             1.2 0.8 251                                 6  0                               0.1                0.2                2.0                0.0            0.0                  29
                                                          Elma                       150                  78             0.5 17 3 1 0                                                            11             0.7 0.2 216                                12 18                               0.0                0.0                0.3                0.1            0.0                  11
                                                          Portakal                   150                  71             1.5 14 3 0 0                                                            63             0.6 0.2 266                                23 75                               0.1                0.1                0.7                0.1            0.0                  36
                                                          Armut                      150                  79             0.8 19 4 1 0                                                            14             0.4 0.3 188                                 5  8                               0.0                0.0                0.3                0.0            0.0                  21
                                                          Şeftali                    150                  61             1.2 13 3 0 0                                                            11             0.7 0.2 264                               110 15                               0.0                0.1                1.5                0.0            0.0                   5
                                                          Mandalina                  150                  75             1.0 15 3 1 0                                                            50             0.5 0.1 315                                86 45                               0.1                0.0                0.5                0.0            0.0                  11
                                                          İncir                      150                  95             1.9 19 3 1 0                                                            81             0.9 0.4 360                                12 4                                0.1                0.1                0.9                0.2            0.0                  11
                                                          Kivi                       150                  91             1.5 16 6 1 0                                                            57             1.2 0.7 443                                93 107                              0.0                0.1                0.9                0.0            0.0                  30
                                                          Ananas                     150                  88             0.7 20 2 0 0                                                            24             0.6 0.4 260                                15 29                               0.1                0.0                0.5                0.1            0.0                   6
                                                          Kavun                      150                  39             1.3 8 2 0 0                                                             21             0.8 0.2 464                               500 50                               0.1                0.0                1.0                0.1            0.0                  45
                                                          Karpuz                     150                  57             0.9 12 0 0 0                                                            17             0.6 0.2 237                                50 9                                0.1                0.1                0.4                0.1            0.0                   8

                    Meyveler
                                                          Kiraz                      150                  95             1.3 20 2 1 0                                                            26             0.6 0.1 315                                21 23                               0.0                0.1                0.6                0.1            0.0                   9
                                                          Çilek                      150                  48             1.2 8 3 1 0                                                             38             1.4 0.2 218                                12 98                               0.0                0.1                1.1                0.1            0.0                  24
                                                          Üzüm                       150                 107             1.0 23 1 1 0                                                            27             0.8 0.1 285                                6   6                               0.1                0.0                0.4                0.1            0.0                   8
                                                          Malta eriği                150                 80              0.8 18 2 0 0                                                            29             0.5 0.1 395                               200 6                                0.0                0.0                0.2                0.1            0.0                  12
                                                          Erik                       150                 71              0.9 15 3 0 0                                                            21             0.7 0.1 330                                92 8                                0.1                0.1                0.7                0.1            0.0                   3
                                                          Muz                        100                  95             1.1 21.4 2 0 0                                                           9             0.6 0.2 393                                38 12                               0.0                0.1                0.9                0.4            0.0                  20
                                                          Trabzon hurması             80                 100             0.6 27 3 0 0                                                            22             2.0 0.1 248                               267 53                               0.0                0.0                0.4                0.1            0.0                   8
                                                          İncir (kuru)                30                  85             1.8 18 3 1 0                                                            73             0.8 0.3 325                                10 3                                0.1                0.1                0.7                0.1            0.0                   8
                                                          Kayısı (kuru)               30                  75             1.6 15 3 0 0                                                            30             1.2 0.2 496                               477 13                               0.1                0.1                1.3                0.1            0.0                   5
                                                          Erik (kuru)                 30                  78             1.0 17 3 0 0                                                            23             0.7 0.1 365                                91 7                                0.1                0.1                0.6                0.1            0.0                   3
                                                          Çekirdeksiz kuru üzüm       30                  89             0.7 20 2 0 0                                                             9             0.1     235                                 2  0                               0.0                0.0                0.2                0.0            0.0                   1
                                                          Portakal suyu (sıkılmış)   125                  56             1.2 11 0 0 0                                                            54             0.5 0.1 193                                19 40                               0.1                0.0                0.5                0.1            0.0                  19



                                                                                                                                                                                                                                                                                                                                                                       |                    283
| Türkiye Beslenme Rehberi | 2022


       Ek 2. 3. 1. (Devamı) Besinlerin standart porsiyonlarının enerji ve besin ögesi içerikleri

                                                   Standart Porsiyon


                                                                                     Karbonhidrat (g)                       Kolesterol (mg)   Kalsiyum (mg)                             Potasyum (mg)   A vitamini (mcg)   C Vitamini (mg)   B1 Vitamini (mg)   B2 Vitamini (mg)   Niasin eşd. (mg)
                                                                                                                                                                                                                                                                                                                     Vit. B (mcg)

                                                                       Protein (g)                                                                            Demir (mg)   Çinko (mg)                                                                                                                 Vit. B6 (mg)
                                                       Miktarı (g)
                               Besinler                                                                 Lif (g)   Yağ (g)                                                                                                                                                                                            Toplam Folik
                                                                                                                                                                                                                                                                                                                      Asit(mcg)
                                                      Enerji (kkal)
                      Ispanak, pişmiş               150 29 4.2 1                                          5         1 0                       224             5.7 0.8                   590 1307 44                                          0.1                0.3                1.7                0.3 0.0 72
                      Pazı, pişmiş                  150 38 3.6 4                                          5         1 0                       183             3.8 0.5                   351 987 33                                           0.1                0.2                1.6                0.1 0.0 29
                      Yeşil fasulye, pişmiş         150 38 3.6 5                                          5         0 0                        95             1.2 0.5                   309 84 18                                            0.1                0.1                1.4                0.3 0.0 36
                      Brokoli, pişmiş               150 35 4.7 3                                          5         0 0                       168             1.8 0.9                   447 206 92                                           0.1                0.2                1.8                0.2 0.0 72
                      Yeşil kabak, pişmiş           150 29 2.4 3                                          2         1 0                        48             2.1 0.3                   251 87 13                                            0.1                0.1                0.9                0.1 0.0 41
                      Semizotu, pişmiş              150 35 2.2 5                                          4         1 0                       152             4.5 0.4                   329 269 17                                           0.0                0.1                0.9                0.2 0.0 14
                      Taze bezelye, pişmiş          150 67 5.2 12                                         5         0 0                        64             3.2 0.7                   384 83 77                                            0.2                0.1                0.9                0.2 0.0 46
                      Kıvırcık                       75 8 1.3 0                                           1         0 0                        41             1.0 0.3                   260 210 8                                            0.0                0.1                0.5                0.0 0.0 37
                      Marul                          75 12 1.2 1                                          1         0 0                        27             0.8 0.2                   218 195 18                                           0.1                0.0                0.7                0.0 0.0 41
                      Maydanoz                       75 39 3.3 6                                          3         0 0                       184             4.1 0.7                   750 677 125                                          0.1                0.2                1.9                0.2 0.0 87
                      Bahçe teresi                   75 29 3.1 1                                          2         1 0                       161             2.2 0.1                   413 274 44                                           0.1                0.1                1.8                0.2 0.0 83
                      Roka                           75 19 1.9 3                                          1         1 0                       120             1.1 0.4                   277 89 11                                            0.0                0.1                0.0                0.1 0.0 73
                      Ispanak yaprağı                75 13 1.9 0                                          2         0 0                       95              3.1 0.4                   475 586 39                                           0.1                0.2                0.9                0.2 0.0 59
                      Semizotu                       75 20 1.1 3                                          2         0 0                       71              2.7 0.2                   293 133 17                                           0.0                0.1                0.6                0.1 0.0 12
                      Çarliston biber               150 31 1.8 4                                          5         1 0                       17              1.1 0.3                   266 270 209                                          0.1                0.1                0.8                0.4 0.0 27
                      Acı/sivri biber               150 57 2.4 11                                         5         0 0                       21              1.5 0.2                   420 500 300                                          0.1                0.1                1.8                0.5 0.0 78
                      Domates                       150 26 1.4 4                                          1         0 0                       21              0.8 0.3                   363 126 37                                           0.1                0.1                1.0                0.2 0.0 59
                      Domates, pişmiş               150 29 1.6 4                                          2         0 0                       24              0.8 0.3                   339 141 23                                           0.1                0.0                0.9                0.1 0.0 36

      Sebzeler
                      Havuç                         150 65 1.5 15                                         5         0 0                       41              0.8 0.3                   485 4220 14                                          0.1                0.1                0.0                0.2 0.0 21
                      Kırmızı biber                 150 55 1.9 10                                         5         1 0                        15             0.8 0.4                   390 531 210                                          0.1                0.2                2.7                0.7 0.0 75
                      Kırmızı biber, pişmiş         150 55 1.9 10                                         5         1 0                        15             0.8 0.4                   390 479 168                                          0.1                0.2                2.6                0.6 0.0 53
                      Turp                          150 20 1.6 3                                          4         0 0                        50             1.2 0.4                   483 3    41                                          0.0                0.0                0.7                0.1 0.0 36
                      Balkabağı, pişmiş             150 37 1.7 7                                          3         0 0                        33             1.2 0.3                   575 191 18                                           0.1                0.1                1.1                0.2 0.0 54
                      Patates, pişmiş                90 62 1.8 13                                         2         0 0                         5             0.3 0.3                   300 1    11                                          0.1                0.0                1.2                0.2 0.0 14
                      Mısır, pişmiş                  90 96 2.7 18                                         3         1 0                         5             0.5 0.8                   116 59    0                                          0.1                0.1                0.7                0.1 0.0 6
                      Kereviz, pişmiş               150 23 2.3 2                                          6         0 0                        96             0.7 0.4                   213 3     7                                          0.0                0.1                1.4                0.2 0.0 9
                      Kereviz                       150 29 2.6 3                                          6         1 0                       102             0.8 0.6                   482 5    12                                          0.1                0.1                1.9                0.3 0.0 18
                      Beyaz lahana                   75 19 1.0 3                                          2         0 0                        35             0.4 0.2                   156 9    34                                          0.0                0.0                0.4                0.1 0.0 59
                      Beyaz lahana, pişmiş          150 30 1.9 5                                          4         0 0                        69             0.6 0.2                   162 17 32                                            0.0                0.0                0.6                0.1 0.0 62
                      Karnabahar, pişmiş            150 28 3.3 2                                          4         0 0                        30             0.8 0.3                   368 3    55                                          0.1                0.1                1.3                0.2 0.0 41
                      Mantar, pişmiş                150 23 4.1 1                                          3         0 0                        17             1.6 0.8                   458 3     6                                          0.1                0.6                7.5                0.1 0.0 21
                      Yeşil sivri biber             150 57 2.0 11                                         5         0 0                        15             1.0 0.2                   420 116 353                                          0.1                0.1                2.0                0.5 0.0 78
                      Kurusoğan                     150 42 1.9 7                                          3         0 0                        47             0.8 0.3                   203 2    12                                          0.0                0.0                0.8                0.2 0.0 26
                      Kurusoğan, pişmiş             150 36 1.9 6                                          3         0 0                        50             0.6 0.3                   114 2     6                                          0.0                0.0                0.7                0.1 0.0 15
                      Patlıcan, pişmiş              150 26 1.9 4                                          4         0 0                        20             0.6 0.4                   281 11    4                                          0.0                0.1                1.0                0.1 0.0 26
                      Havuç suyu                    150 33 1.3 6                                          1         0 0                        63             3.0 0.9                   407 2213 4                                           0.1                0.1                0.9                0.1 0.0 8
                      Domates suyu                  150 22 1.2 3                                          0         0 0                        21             0.7 0.2                   332 116 15                                           0.0                0.0                0.8                0.1 0.0 24
                      Tam buğday unundan ekmek 50 106 3.9 21                                              3         1 0                        15             1.3 1.0                   111 1     0                                          0.1                0.1                2.4                0.1 0.0 17
                      Beyaz ekmek                    50 128 4.0 27                                        2         0 0                         9             0.7 0.5                    63   0   0                                          0.1                0.1                1.1                0.0 0.0 24
                      Pide/lavaş/bazlama.            50 118 3.5 24                                        2         1 0                         8             0.6 0.4                    48   2   0                                          0.0                0.0                1.0                0.1 0.0 9
                      Bulgur, pişmiş                 90 75 2.8 17                                         4         0 0                         9             0.9 0.5                    61   0   0                                          0.1                0.0                0.0                0.1 0.0 16
                      Beyaz pirinç, pişmiş           90 84 1.8 18                                         0         0 0                         2             0.2 0.1                    17   0   0                                          0.0                0.0                0.6                0.0 0.0 6



  Ekmek ve Tahıllar
                      Makarna / hazır erişte pişmiş 75 95 4.0 19                                          2         0 0                         8             0.4 0.5                    44   0   0                                          0.0                0.0                1.1                0.0 0.0 8
                      Yulaflı bisküvi                30 125 2.3 15                                        1         6 33                       12             0.6 0.5                    47 52    0                                          0.0                0.0                0.6                0.0 0.0 3
                      Galeta ekmeği / grissini.      30 83 2.8 17                                         1         1 0                        36             0.5 0.2                    36   0   0                                          0.1                0.0                1.3                0.0 0.0 6
                      Yulaf ezmesi                   30 111 3.8 19                                        2         2 0                        16             1.4 1.2                   104 0     0                                          0.2                0.0                1.0                0.0 0.0 7
                      Pirinç gevreği                 30 113 1.8 26                                        1         0 0                         2             0.3 0.3                    21   0   0                                          0.3                0.4                4.8                0.1 0.0 4
                      Mısır gevreği / cornflakes     30 107 2.1 24                                        1         0 0                         4             0.6 0.1                    36   8   0                                          0.0                0.0                0.7                0.0 0.0 2
                      Simit                          50 132 4.0 24                                        2         2 0                        25             0.9 0.6                    59   2   0                                          0.1                0.0                1.2                0.0 0.0 6
                      Yufka                          50 136 4.0 29                                        2         0 0                        11             0.6 0.4                    44   0   0                                          0.0                0.0                0.9                0.1 0.0 4
                      Patlamış mısır / popcorn       30 110 3.8 20                                        3         2 0                         4             0.5 0.5                    72 24    0                                          0.1                0.0                0.8                0.1 0.0 3
       *
              Piyasada satılan yumuşak tam yağlı beyaz peynir referans alınarak verilmiştir.
       ** Türkomp veri tabanındaki “ezine peyniri” verilerinden derlenmiştir.

